#ref
#1200 9.54e-02 3.87e-01 4.34e-01
#4800 2.99e-02 1.24e-01 1.38e-01
#19200 1.67e-02 7.77e-02 8.04e-02
#76800 1.05e-02 5.05e-02 5.09e-02
#307200 6.15e-03 3.19e-02 3.20e-02
##1e2
#4800 1.83e-01 5.82e-01
#19200 8.50e-02 2.72e-01
#76800 4.04e-02 1.39e-01
#145200 3.47e-02 1.27e-01
##1
#4800 4.52e+00 3.18e+01
#19200 1.36e+00 2.41e+01
#76800 3.90e-01 1.43e+01
#145200 2.45e-01 8.48e+00
##2
#4800 5.10e-01 1.19e+01
#19200 1.78e-01 7.89e+00
#76800 8.13e-02 4.54e+00
#145200 6.48e-02 3.20e+00
##pen=1 #l=0.1
#1200 4.67e-02 2.23e-01
#4800 3.52e-02 1.91e-01
#19200 3.12e-02 1.76e-01
#76800 3.01e-02 1.72e-01
#145200 2.99e-02 1.72e-01
##8*G
#4800 5.10e-01 1.18e+01
#19200 1.78e-01 7.89e+00
#76800 8.13e-02 4.54e+00
#145200 6.48e-02 3.19e+00
#4*G
1200 2.44e+00 1.16e+01 6.12e+01
4800 8.54e-01 1.61e+01 4.22e+01
19200 2.82e-01 1.10e+01 2.48e+01
76800 1.06e-01 6.31e+00 1.33e+01
145200 7.49e-02 4.14e+00 8.89e+00
202800 6.71e-02 3.59e+00 7.42e+00

